      350.000    0.0955480
      351.000    0.0980182
      352.000     0.100488
      353.000     0.102959
      354.000     0.105429
      355.000     0.107899
      356.000     0.110369
      357.000     0.112839
      358.000     0.115310
      359.000     0.117780
      360.000     0.120250
      361.000     0.124386
      362.000     0.128522
      363.000     0.132658
      364.000     0.136794
      365.000     0.140930
      366.000     0.145066
      367.000     0.149202
      368.000     0.153338
      369.000     0.157474
      370.000     0.161610
      371.000     0.166109
      372.000     0.170608
      373.000     0.175107
      374.000     0.179606
      375.000     0.184105
      376.000     0.188604
      377.000     0.193103
      378.000     0.197602
      379.000     0.202101
      380.000     0.206600
      381.000     0.213401
      382.000     0.220202
      383.000     0.227003
      384.000     0.233804
      385.000     0.240605
      386.000     0.247406
      387.000     0.254207
      388.000     0.261008
      389.000     0.267809
      390.000     0.274610
      391.000     0.281805
      392.000     0.289000
      393.000     0.296195
      394.000     0.303390
      395.000     0.310585
      396.000     0.317780
      397.000     0.324975
      398.000     0.332170
      399.000     0.339365
      400.000     0.346560
      401.000     0.357396
      402.000     0.368232
      403.000     0.379068
      404.000     0.389904
      405.000     0.400740
      406.000     0.411576
      407.000     0.422412
      408.000     0.433248
      409.000     0.444084
      410.000     0.454920
      411.000     0.465756
      412.000     0.476592
      413.000     0.487428
      414.000     0.498264
      415.000     0.509100
      416.000     0.519936
      417.000     0.530772
      418.000     0.541608
      419.000     0.552444
      420.000     0.563280
      421.000     0.578083
      422.000     0.592886
      423.000     0.607689
      424.000     0.622492
      425.000     0.637295
      426.000     0.652098
      427.000     0.666901
      428.000     0.681704
      429.000     0.696507
      430.000     0.711310
      431.000     0.726113
      432.000     0.740916
      433.000     0.755719
      434.000     0.770522
      435.000     0.785325
      436.000     0.800128
      437.000     0.814931
      438.000     0.829734
      439.000     0.844537
      440.000     0.859340
      441.000     0.877553
      442.000     0.895766
      443.000     0.913979
      444.000     0.932192
      445.000     0.950405
      446.000     0.968618
      447.000     0.986831
      448.000      1.00504
      449.000      1.02326
      450.000      1.04147
      451.000      1.05968
      452.000      1.07790
      453.000      1.09611
      454.000      1.11432
      455.000      1.13253
      456.000      1.15075
      457.000      1.16896
      458.000      1.18717
      459.000      1.20539
      460.000      1.22360
      461.000      1.24602
      462.000      1.26843
      463.000      1.29085
      464.000      1.31326
      465.000      1.33568
      466.000      1.35809
      467.000      1.38051
      468.000      1.40292
      469.000      1.42534
      470.000      1.44775
      471.000      1.47017
      472.000      1.49258
      473.000      1.51500
      474.000      1.53741
      475.000      1.55983
      476.000      1.58224
      477.000      1.60466
      478.000      1.62707
      479.000      1.64949
      480.000      1.67190
      481.000      1.69507
      482.000      1.71824
      483.000      1.74141
      484.000      1.76458
      485.000      1.78775
      486.000      1.81092
      487.000      1.83409
      488.000      1.85726
      489.000      1.88043
      490.000      1.90360
      491.000      1.92677
      492.000      1.94994
      493.000      1.97311
      494.000      1.99628
      495.000      2.01945
      496.000      2.04262
      497.000      2.06579
      498.000      2.08896
      499.000      2.11213
      500.000      2.13530
      501.000      2.16361
      502.000      2.19192
      503.000      2.22022
      504.000      2.24853
      505.000      2.27684
      506.000      2.30515
      507.000      2.33346
      508.000      2.36176
      509.000      2.39007
      510.000      2.41838
      511.000      2.44669
      512.000      2.47500
      513.000      2.50330
      514.000      2.53161
      515.000      2.55992
      516.000      2.58823
      517.000      2.61654
      518.000      2.64484
      519.000      2.67315
      520.000      2.70146
      521.000      2.72977
      522.000      2.75808
      523.000      2.78638
      524.000      2.81469
      525.000      2.84300
      526.000      2.87355
      527.000      2.90410
      528.000      2.93464
      529.000      2.96519
      530.000      2.99574
      531.000      3.02629
      532.000      3.05684
      533.000      3.08738
      534.000      3.11793
      535.000      3.14848
      536.000      3.17903
      537.000      3.20958
      538.000      3.24012
      539.000      3.27067
      540.000      3.30122
      541.000      3.33177
      542.000      3.36232
      543.000      3.39286
      544.000      3.42341
      545.000      3.45396
      546.000      3.48451
      547.000      3.51506
      548.000      3.54560
      549.000      3.57615
      550.000      3.60670
      551.000      3.64430
      552.000      3.68189
      553.000      3.71949
      554.000      3.75708
      555.000      3.79468
      556.000      3.83228
      557.000      3.86987
      558.000      3.90747
      559.000      3.94506
      560.000      3.98266
      561.000      4.02026
      562.000      4.05785
      563.000      4.09545
      564.000      4.13304
      565.000      4.17064
      566.000      4.20824
      567.000      4.24583
      568.000      4.28343
      569.000      4.32102
      570.000      4.35862
      571.000      4.39622
      572.000      4.43381
      573.000      4.47141
      574.000      4.50900
      575.000      4.54660
      576.000      4.59039
      577.000      4.63418
      578.000      4.67796
      579.000      4.72175
      580.000      4.76554
      581.000      4.80933
      582.000      4.85312
      583.000      4.89690
      584.000      4.94069
      585.000      4.98448
      586.000      5.02827
      587.000      5.07206
      588.000      5.11584
      589.000      5.15963
      590.000      5.20342
      591.000      5.24721
      592.000      5.29100
      593.000      5.33478
      594.000      5.37857
      595.000      5.42236
      596.000      5.46615
      597.000      5.50994
      598.000      5.55372
      599.000      5.59751
      600.000      5.64130
      601.000      5.69473
      602.000      5.74817
      603.000      5.80160
      604.000      5.85504
      605.000      5.90847
      606.000      5.96190
      607.000      6.01534
      608.000      6.06877
      609.000      6.12221
      610.000      6.17564
      611.000      6.22907
      612.000      6.28251
      613.000      6.33594
      614.000      6.38938
      615.000      6.44281
      616.000      6.49624
      617.000      6.54968
      618.000      6.60311
      619.000      6.65655
      620.000      6.70998
      621.000      6.76341
      622.000      6.81685
      623.000      6.87028
      624.000      6.92372
      625.000      6.97715
      626.000      7.03058
      627.000      7.08402
      628.000      7.13745
      629.000      7.19089
      630.000      7.24432
      631.000      7.29775
      632.000      7.35119
      633.000      7.40462
      634.000      7.45806
      635.000      7.51149
      636.000      7.56492
      637.000      7.61836
      638.000      7.67179
      639.000      7.72523
      640.000      7.77866
      641.000      7.83209
      642.000      7.88553
      643.000      7.93896
      644.000      7.99240
      645.000      8.04583
      646.000      8.09926
      647.000      8.15270
      648.000      8.20613
      649.000      8.25957
      650.000      8.31300
      651.000      8.37282
      652.000      8.43264
      653.000      8.49246
      654.000      8.55228
      655.000      8.61210
      656.000      8.67192
      657.000      8.73174
      658.000      8.79156
      659.000      8.85138
      660.000      8.91120
      661.000      8.97102
      662.000      9.03084
      663.000      9.09066
      664.000      9.15048
      665.000      9.21030
      666.000      9.27012
      667.000      9.32994
      668.000      9.38976
      669.000      9.44958
      670.000      9.50940
      671.000      9.56922
      672.000      9.62904
      673.000      9.68886
      674.000      9.74868
      675.000      9.80850
      676.000      9.86832
      677.000      9.92814
      678.000      9.98796
      679.000      10.0478
      680.000      10.1076
      681.000      10.1674
      682.000      10.2272
      683.000      10.2871
      684.000      10.3469
      685.000      10.4067
      686.000      10.4665
      687.000      10.5263
      688.000      10.5862
      689.000      10.6460
      690.000      10.7058
      691.000      10.7656
      692.000      10.8254
      693.000      10.8853
      694.000      10.9451
      695.000      11.0049
      696.000      11.0647
      697.000      11.1245
      698.000      11.1844
      699.000      11.2442
      700.000      11.3040
      701.000      11.3799
      702.000      11.4557
      703.000      11.5316
      704.000      11.6074
      705.000      11.6833
      706.000      11.7592
      707.000      11.8350
      708.000      11.9109
      709.000      11.9867
      710.000      12.0626
      711.000      12.1385
      712.000      12.2143
      713.000      12.2902
      714.000      12.3660
      715.000      12.4419
      716.000      12.5178
      717.000      12.5936
      718.000      12.6695
      719.000      12.7453
      720.000      12.8212
      721.000      12.8971
      722.000      12.9729
      723.000      13.0488
      724.000      13.1246
      725.000      13.2005
      726.000      13.2764
      727.000      13.3522
      728.000      13.4281
      729.000      13.5039
      730.000      13.5798
      731.000      13.6557
      732.000      13.7315
      733.000      13.8074
      734.000      13.8832
      735.000      13.9591
      736.000      14.0350
      737.000      14.1108
      738.000      14.1867
      739.000      14.2625
      740.000      14.3384
      741.000      14.4143
      742.000      14.4901
      743.000      14.5660
      744.000      14.6418
      745.000      14.7177
      746.000      14.7936
      747.000      14.8694
      748.000      14.9453
      749.000      15.0211
      750.000      15.0970
      751.000      15.2426
      752.000      15.3882
      753.000      15.5337
      754.000      15.6793
      755.000      15.8249
      756.000      15.9705
      757.000      16.1161
      758.000      16.2616
      759.000      16.4072
      760.000      16.5528
      761.000      16.6984
      762.000      16.8440
      763.000      16.9895
      764.000      17.1351
      765.000      17.2807
      766.000      17.4263
      767.000      17.5719
      768.000      17.7174
      769.000      17.8630
      770.000      18.0086
      771.000      18.1542
      772.000      18.2998
      773.000      18.4453
      774.000      18.5909
      775.000      18.7365
      776.000      18.8821
      777.000      19.0277
      778.000      19.1732
      779.000      19.3188
      780.000      19.4644
      781.000      19.6100
      782.000      19.7556
      783.000      19.9011
      784.000      20.0467
      785.000      20.1923
      786.000      20.3379
      787.000      20.4835
      788.000      20.6290
      789.000      20.7746
      790.000      20.9202
      791.000      21.0658
      792.000      21.2114
      793.000      21.3569
      794.000      21.5025
      795.000      21.6481
      796.000      21.7937
      797.000      21.9393
      798.000      22.0848
      799.000      22.2304
      800.000      22.3760
      801.000      22.6022
      802.000      22.8284
      803.000      23.0547
      804.000      23.2809
      805.000      23.5071
      806.000      23.7333
      807.000      23.9595
      808.000      24.1858
      809.000      24.4120
      810.000      24.6382
      811.000      24.8644
      812.000      25.0906
      813.000      25.3169
      814.000      25.5431
      815.000      25.7693
      816.000      25.9955
      817.000      26.2217
      818.000      26.4480
      819.000      26.6742
      820.000      26.9004
      821.000      27.1266
      822.000      27.3528
      823.000      27.5791
      824.000      27.8053
      825.000      28.0315
      826.000      28.2577
      827.000      28.4839
      828.000      28.7102
      829.000      28.9364
      830.000      29.1626
      831.000      29.3888
      832.000      29.6150
      833.000      29.8413
      834.000      30.0675
      835.000      30.2937
      836.000      30.5199
      837.000      30.7461
      838.000      30.9724
      839.000      31.1986
      840.000      31.4248
      841.000      31.6510
      842.000      31.8772
      843.000      32.1035
      844.000      32.3297
      845.000      32.5559
      846.000      32.7821
      847.000      33.0083
      848.000      33.2346
      849.000      33.4608
      850.000      33.6870
      851.000      33.9915
      852.000      34.2960
      853.000      34.6006
      854.000      34.9051
      855.000      35.2096
      856.000      35.5141
      857.000      35.8186
      858.000      36.1232
      859.000      36.4277
      860.000      36.7322
      861.000      37.0367
      862.000      37.3412
      863.000      37.6458
      864.000      37.9503
      865.000      38.2548
      866.000      38.5593
      867.000      38.8638
      868.000      39.1684
      869.000      39.4729
      870.000      39.7774
      871.000      40.0819
      872.000      40.3864
      873.000      40.6910
      874.000      40.9955
      875.000      41.3000
      876.000      41.6045
      877.000      41.9090
      878.000      42.2136
      879.000      42.5181
      880.000      42.8226
      881.000      43.1271
      882.000      43.4316
      883.000      43.7362
      884.000      44.0407
      885.000      44.3452
      886.000      44.6497
      887.000      44.9542
      888.000      45.2588
      889.000      45.5633
      890.000      45.8678
      891.000      46.1723
      892.000      46.4768
      893.000      46.7814
      894.000      47.0859
      895.000      47.3904
      896.000      47.6949
      897.000      47.9994
      898.000      48.3040
      899.000      48.6085
      900.000      48.9130
      901.000      49.4681
      902.000      50.0232
      903.000      50.5782
      904.000      51.1333
      905.000      51.6884
      906.000      52.2435
      907.000      52.7986
      908.000      53.3536
      909.000      53.9087
      910.000      54.4638
      911.000      55.0189
      912.000      55.5740
      913.000      56.1290
      914.000      56.6841
      915.000      57.2392
      916.000      57.7943
      917.000      58.3494
      918.000      58.9044
      919.000      59.4595
      920.000      60.0146
      921.000      60.5697
      922.000      61.1248
      923.000      61.6798
      924.000      62.2349
      925.000      62.7900
      926.000      63.3451
      927.000      63.9002
      928.000      64.4552
      929.000      65.0103
      930.000      65.5654
      931.000      66.1205
      932.000      66.6756
      933.000      67.2306
      934.000      67.7857
      935.000      68.3408
      936.000      68.8959
      937.000      69.4510
      938.000      70.0060
      939.000      70.5611
      940.000      71.1162
      941.000      71.6713
      942.000      72.2264
      943.000      72.7814
      944.000      73.3365
      945.000      73.8916
      946.000      74.4467
      947.000      75.0018
      948.000      75.5568
      949.000      76.1119
      950.000      76.6670
      951.000      77.0339
      952.000      77.4008
      953.000      77.7676
      954.000      78.1345
      955.000      78.5014
      956.000      78.8683
      957.000      79.2352
      958.000      79.6020
      959.000      79.9689
      960.000      80.3358
      961.000      80.7027
      962.000      81.0696
      963.000      81.4364
      964.000      81.8033
      965.000      82.1702
      966.000      82.5371
      967.000      82.9040
      968.000      83.2708
      969.000      83.6377
      970.000      84.0046
      971.000      84.3715
      972.000      84.7384
      973.000      85.1052
      974.000      85.4721
      975.000      85.8390
      976.000      86.2059
      977.000      86.5728
      978.000      86.9396
      979.000      87.3065
      980.000      87.6734
      981.000      88.0403
      982.000      88.4072
      983.000      88.7740
      984.000      89.1409
      985.000      89.5078
      986.000      89.8747
      987.000      90.2416
      988.000      90.6084
      989.000      90.9753
      990.000      91.3422
      991.000      91.7091
      992.000      92.0760
      993.000      92.4428
      994.000      92.8097
      995.000      93.1766
      996.000      93.5435
      997.000      93.9104
      998.000      94.2772
      999.000      94.6441
      1000.00      95.0110
