350	-1.27
351	-1.42
352	-1.19
353	-1.31
354	-0.88
355	1.14
356	0.89
357	0.77
358	0.65
359	0.95
360	0.54
361	0.51
362	0.9
363	0.71
364	0.71
365	0.61
366	-1.49
367	-1.35
368	-1.05
369	-0.96
370	-0.45
371	0.1
372	0.37
373	0.54
374	0.73
375	1.73
376	1.84
377	2.39
378	3.05
379	3.59
380	3.8
381	3.93
382	3.86
383	4.32
384	4.36
385	4.89
386	5.09
387	5.48
388	5.81
389	7.07
390	7.75
391	8.8
392	9.41
393	10.34
394	10.83
395	11.67
396	12.57
397	13.31
398	14.19
399	15.12
400	15.35
401	15.96
402	16.61
403	17.85
404	18.84
405	19.81
406	21.1
407	21.45
408	21.91
409	22.64
410	23.61
411	24.52
412	25.65
413	26.71
414	27.19
415	28.1
416	29.64
417	30.6
418	32.21
419	34.15
420	35.97
421	37.79
422	39.46
423	41.49
424	43.44
425	45.34
426	47.23
427	48.66
428	50.94
429	53.4
430	54.83
431	57.09
432	59.08
433	61.12
434	63.49
435	66.46
436	68.76
437	71.32
438	74.45
439	76.93
440	79.51
441	82.71
442	85.23
443	88.42
444	90.92
445	93.49
446	95.58
447	99.24
448	102.1
449	104.41
450	107.64
451	111.03
452	113.86
453	117.74
454	120.84
455	125.3
456	129.28
457	133.43
458	138.05
459	142.53
460	147.68
461	152.35
462	157.93
463	164.49
464	169.77
465	176.09
466	182.1
467	190.01
468	197.72
469	205.87
470	216.28
471	225.91
472	237.02
473	247.79
474	258.99
475	271.39
476	284.77
477	299.78
478	313.33
479	328.47
480	342.63
481	356.67
482	373.33
483	390.34
484	406.76
485	423.77
486	441.83
487	457.81
488	474.58
489	490.89
490	507.19
491	523.62
492	541.34
493	556.99
494	570.83
495	585.67
496	600.46
497	614.6
498	629.16
499	642.07
500	654.93
501	668.41
502	680.26
503	691.73
504	703.84
505	714.87
506	726.65
507	737.95
508	748.08
509	758.88
510	769
511	780.88
512	792.45
513	804.9
514	815.75
515	826.5
516	839.76
517	850.4
518	861.36
519	872.39
520	885.22
521	896.3
522	906.7
523	916.29
524	926.94
525	936.04
526	947.53
527	957.73
528	969.53
529	979.05
530	988.84
531	996.16
532	1006.85
533	1015.23
534	1024.4
535	1033.86
536	1043.8
537	1051.32
538	1058.18
539	1065.77
540	1077.08
541	1086.41
542	1097.11
543	1106.46
544	1118.46
545	1129.31
546	1139.29
547	1150.23
548	1162.51
549	1175.65
550	1186.84
551	1195.47
552	1208.5
553	1219.81
554	1229.04
555	1239.84
556	1249.03
557	1258.66
558	1269.2
559	1276.38
560	1283.69
561	1293.39
562	1303.11
563	1309.79
564	1316.58
565	1325.97
566	1333.85
567	1343.14
568	1351.32
569	1359.61
570	1370.31
571	1380.5
572	1388.36
573	1396.61
574	1404.65
575	1414.98
576	1423.7
577	1429.44
578	1436.6
579	1443.86
580	1449.5
581	1455.23
582	1460.34
583	1465.75
584	1471.32
585	1477.12
586	1481.48
587	1487.72
588	1495.18
589	1502.54
590	1508.58
591	1517.29
592	1524.17
593	1532.62
594	1541.9
595	1550.07
596	1560.2
597	1569.07
598	1577.67
599	1587.1
600	1595.05
601	1605.82
602	1613.73
603	1622.28
604	1631.73
605	1639.93
606	1649.07
607	1655.8
608	1665.36
609	1674.64
610	1683.81
611	1692.21
612	1699.56
613	1707.8
614	1714.44
615	1721.11
616	1726.59
617	1731.76
618	1740.32
619	1746.64
620	1751.58
621	1755.97
622	1762.35
623	1767.16
624	1771.49
625	1775.18
626	1780.14
627	1783.6
628	1788.92
629	1792.23
630	1793.92
631	1796.26
632	1798.61
633	1798.4
634	1799.29
635	1799.36
636	1802.55
637	1800.88
638	1803.16
639	1804.83
640	1805.08
641	1806.85
642	1807.41
643	1806.51
644	1808.72
645	1808.49
646	1810.81
647	1814.05
648	1816.45
649	1817.78
650	1817.32
651	1818
652	1819.58
653	1820.7
654	1822.88
655	1822.79
656	1824.96
657	1826.11
658	1825.08
659	1824.81
660	1825.45
661	1826.41
662	1829.03
663	1825.81
664	1824.74
665	1826.57
666	1829.16
667	1829.6
668	1830.67
669	1830.14
670	1833.06
671	1833.25
672	1832.55
673	1828.85
674	1829.91
675	1828.41
676	1825.25
677	1820.96
678	1818.54
679	1815.91
680	1813.36
681	1806.66
682	1804.82
683	1801.62
684	1798.06
685	1796.73
686	1795.3
687	1791.9
688	1790.84
689	1787.85
690	1782.98
691	1779.33
692	1777.21
693	1770.54
694	1767.61
695	1762.1
696	1755.24
697	1750.4
698	1745.99
699	1738.68
700	1730.14
701	1724.4
702	1719.2
703	1713.46
704	1709.86
705	1701.99
706	1698.3
707	1692.91
708	1685.92
709	1678.58
710	1672.67
711	1670.9
712	1664.95
713	1659.12
714	1652.95
715	1646
716	1641.81
717	1635.17
718	1631.28
719	1628.47
720	1625.14
721	1622
722	1617.61
723	1613.77
724	1608.76
725	1603.03
726	1600.37
727	1594.25
728	1590.97
729	1586.41
730	1580.44
731	1577.26
732	1571.88
733	1567.77
734	1563.76
735	1563.5
736	1561.2
737	1557.94
738	1557.94
739	1554.31
740	1548.56
741	1546.6
742	1541.36
743	1538.34
744	1533.51
745	1530.22
746	1523.92
747	1521.59
748	1518.27
749	1514.25
750	1509.57
751	1508.15
752	1504.71
753	1503.45
754	1500.78
755	1497.8
756	1495.84
757	1493.2
758	1489.71
759	1484.78
760	1481.17
761	1479.38
762	1476.46
763	1472.16
764	1466.81
765	1460.94
766	1458.05
767	1452.71
768	1448.19
769	1443.8
770	1439.04
771	1433.79
772	1428.73
773	1424.12
774	1418.09
775	1414.09
776	1411.35
777	1407.46
778	1403.44
779	1398.87
780	1394.17
781	1391.58
782	1387.06
783	1384.59
784	1380.15
785	1378.02
786	1374.02
787	1370.17
788	1366.87
789	1363.93
790	1360.63
791	1358.8
792	1356.71
793	1357.97
794	1357.94
795	1355.98
796	1358.38
797	1362.74
798	1365.73
799	1367.59
800	1370.3
801	1375.69
802	1380.99
803	1383.44
804	1384.41
805	1386.01
806	1390.08
807	1391.43
808	1390.13
809	1388.71
810	1388.7
811	1386.99
812	1383.64
813	1378.79
814	1376.11
815	1371.17
816	1367.14
817	1362.32
818	1357.52
819	1350.42
820	1346.12
821	1341.9
822	1336.14
823	1333.1
824	1328.17
825	1322.47
826	1319.91
827	1314.64
828	1310.34
829	1303.76
830	1302.48
831	1298.73
832	1292.38
833	1288.2
834	1281.63
835	1279.6
836	1276.55
837	1271.45
838	1267.46
839	1264.15
840	1262.93
841	1258.56
842	1254.24
843	1251.87
844	1250.39
845	1247.24
846	1244.09
847	1240.53
848	1237.72
849	1236.78
850	1235.27
851	1231.65
852	1229.96
853	1228.52
854	1224.88
855	1220.93
856	1216.74
857	1212.75
858	1210.68
859	1207.18
860	1201.66
861	1195.8
862	1190.01
863	1184.41
864	1178.48
865	1173.99
866	1167.69
867	1161.62
868	1154.99
869	1147.93
870	1141.58
871	1135.88
872	1130.92
873	1124.95
874	1119.02
875	1116.14
876	1114.7
877	1114.34
878	1116.71
879	1118.71
880	1120.01
881	1122.64
882	1126.13
883	1131.27
884	1138.59
885	1144.75
886	1150.69
887	1154.91
888	1159.76
889	1162.43
890	1166.27
891	1169.27
892	1173.32
893	1174.99
894	1175.61
895	1175.71
896	1176.15
897	1173.38
898	1171.57
899	1170.32
900	1167.86
901	1161.84
902	1157.55
903	1151.99
904	1147.21
905	1141.16
906	1134.57
907	1129.51
908	1124.17
909	1118.08
910	1110.09
911	1103.2
912	1097.19
913	1088.42
914	1080.42
915	1072.3
916	1063.85
917	1055.32
918	1043.94
919	1033.39
920	1022.09
921	1011.9
922	1001.94
923	991.19
924	981.64
925	970.5
926	960.64
927	949.73
928	939.92
929	928.87
930	920.59
931	911.6
932	901.82
933	892.05
934	883.92
935	876.1
936	866.96
937	857.19
938	848.47
939	836.76
940	828.58
941	816.85
942	805.67
943	794.99
944	784.9
945	772.49
946	762.61
947	753.77
948	742.99
949	731.78
950	722.15
951	712.36
952	703.84
953	694.73
954	685.39
955	675.71
956	667.25
957	657.63
958	648.55
959	640.33
960	631.68
961	622.5
962	612.05
963	601.71
964	592.4
965	583.89
966	574.5
967	565.14
968	555.02
969	544.51
970	536.19
971	527.55
972	520.48
973	512.33
974	504.35
975	496.61
976	487.73
977	479.42
978	471.4
979	462.87
980	456.68
981	446.93
982	437.96
983	429.81
984	421.2
985	413.24
986	404.94
987	396.09
988	388.44
989	380.4
990	373.37
991	364.2
992	356.26
993	349.53
994	341.64
995	335.42
996	331.3
997	327.33
998	325.13
999	321.05
1000	317.74
