350	-2.81
351	-2.6
352	-2.88
353	-2.54
354	-2.29
355	-0.36
356	-0.11
357	0.11
358	0.66
359	0.96
360	0.89
361	1.42
362	1.65
363	2.22
364	2.13
365	2.34
366	0.66
367	1.12
368	1.22
369	1.29
370	1.72
371	2.23
372	2.31
373	2.12
374	2.49
375	3.13
376	3.43
377	4.25
378	4.52
379	5.42
380	6.18
381	6.84
382	7.45
383	8.03
384	9.31
385	10.03
386	10.85
387	12.11
388	13.38
389	15.3
390	16.32
391	17.45
392	18.96
393	20.06
394	21.98
395	23.54
396	25.23
397	27.33
398	28.88
399	30.48
400	31.79
401	33.68
402	35.76
403	37.39
404	40.1
405	41.89
406	44.53
407	46.73
408	48.81
409	51.62
410	54.86
411	57.16
412	60.32
413	63.48
414	66.88
415	70.17
416	73.91
417	77.64
418	81.71
419	85.51
420	89.69
421	93
422	97.21
423	101.3
424	105.29
425	110.06
426	114.41
427	119.37
428	124.19
429	128.21
430	132.82
431	138.02
432	143.22
433	148.86
434	155.13
435	161.94
436	166.98
437	172.46
438	177.65
439	182.83
440	189.88
441	196.66
442	202.25
443	208.82
444	214.41
445	220.1
446	224.76
447	231.19
448	238.44
449	244.11
450	250.02
451	256.22
452	263.37
453	269.86
454	276.65
455	284.89
456	292.7
457	301.21
458	311.1
459	319.44
460	330.46
461	341.94
462	352.51
463	364.23
464	376.75
465	389.84
466	402.77
467	417
468	432.2
469	447.58
470	465.36
471	484.58
472	505.68
473	528.09
474	553.09
475	579.01
476	605.44
477	635.31
478	666.07
479	697.02
480	729.21
481	761.69
482	795.64
483	828.73
484	864.71
485	897.25
486	931.88
487	966.55
488	1000.17
489	1032.93
490	1065.65
491	1097.54
492	1128.85
493	1159.42
494	1189.2
495	1216.24
496	1242.72
497	1267.87
498	1295.1
499	1318.38
500	1342.8
501	1367.33
502	1391.67
503	1414.46
504	1435.48
505	1458.65
506	1480.01
507	1503.92
508	1527.78
509	1548.16
510	1569.87
511	1590.29
512	1612.23
513	1630.86
514	1653.44
515	1674.62
516	1692.93
517	1712.09
518	1731.11
519	1749.85
520	1769.29
521	1787.76
522	1807.84
523	1826.62
524	1845.51
525	1863.79
526	1880.62
527	1897.2
528	1917.06
529	1933.3
530	1950.21
531	1966.31
532	1985.87
533	2001.9
534	2020.1
535	2036.93
536	2054.05
537	2072.23
538	2091.1
539	2108.51
540	2126.52
541	2144.47
542	2161.77
543	2176.67
544	2194.79
545	2209.43
546	2227.62
547	2243.15
548	2260.7
549	2280.15
550	2296.3
551	2312.56
552	2327.37
553	2345.96
554	2363.98
555	2375.37
556	2392.02
557	2408.96
558	2423.99
559	2438.03
560	2451.21
561	2467.59
562	2481.71
563	2498.25
564	2509.24
565	2522.34
566	2539.08
567	2552.49
568	2563.44
569	2578.25
570	2592.55
571	2605.91
572	2614.79
573	2626.25
574	2634.62
575	2645.36
576	2657.47
577	2666.76
578	2676.49
579	2685.98
580	2690.13
581	2697.55
582	2702.56
583	2710.25
584	2717.11
585	2723.17
586	2727.78
587	2734.24
588	2740.4
589	2746.34
590	2753.85
591	2765.01
592	2772.78
593	2782.71
594	2790.6
595	2799.79
596	2812.23
597	2824.5
598	2831.64
599	2845.47
600	2855.24
601	2864.2
602	2872.7
603	2883.39
604	2892.01
605	2904.19
606	2913.09
607	2920.74
608	2929.36
609	2936.46
610	2941.66
611	2951.49
612	2958.22
613	2964.04
614	2969.38
615	2974.96
616	2975.25
617	2980.91
618	2985.78
619	2990.78
620	2996.13
621	2999.71
622	2996.31
623	2998.86
624	3001.49
625	3001.15
626	2999.62
627	3003.15
628	3000.18
629	2999.3
630	2995.38
631	2991.46
632	2989.17
633	2990.03
634	2987.23
635	2983.54
636	2979.44
637	2975.42
638	2969.52
639	2967.94
640	2963.09
641	2960.37
642	2957.62
643	2951.42
644	2944.4
645	2939.31
646	2932.53
647	2927.99
648	2926.98
649	2924.36
650	2917.7
651	2912.35
652	2905.57
653	2900.74
654	2895.3
655	2892.12
656	2890.9
657	2891.97
658	2888.03
659	2880.94
660	2875.37
661	2872.74
662	2870.54
663	2868.74
664	2862.99
665	2861.22
666	2860.26
667	2850.78
668	2839.97
669	2833.87
670	2827.43
671	2823.23
672	2818.4
673	2811.59
674	2804.03
675	2797.75
676	2788.78
677	2777.34
678	2772.2
679	2765.96
680	2757.96
681	2751.5
682	2742.75
683	2732.35
684	2720.71
685	2710.41
686	2702.15
687	2693.1
688	2684
689	2671
690	2661.44
691	2651.31
692	2638.89
693	2626.33
694	2611.84
695	2600.96
696	2589.5
697	2576.19
698	2562.12
699	2546.75
700	2531.29
701	2518.13
702	2505.23
703	2493.9
704	2479.86
705	2468.41
706	2455.15
707	2440.8
708	2428.65
709	2415.87
710	2406.28
711	2394.44
712	2381.21
713	2371.42
714	2359.55
715	2348.56
716	2334.94
717	2322.32
718	2310.68
719	2301.2
720	2292.21
721	2280.03
722	2272.42
723	2260.54
724	2247.33
725	2236.06
726	2225.04
727	2213.85
728	2205.37
729	2198.66
730	2185.84
731	2173.84
732	2165.37
733	2154.29
734	2145.47
735	2137.32
736	2125.38
737	2114.53
738	2108.99
739	2097.46
740	2085
741	2073.63
742	2062.99
743	2049.64
744	2040.49
745	2030.08
746	2017.16
747	2008.35
748	1997.2
749	1984.9
750	1974.65
751	1962.17
752	1952.08
753	1942.06
754	1932.95
755	1921.79
756	1909.39
757	1897.9
758	1884.95
759	1871.76
760	1860.49
761	1847.18
762	1836.57
763	1824
764	1809.24
765	1795.3
766	1780.61
767	1767.81
768	1751.52
769	1737.04
770	1722.83
771	1707.45
772	1691.72
773	1675.27
774	1659.54
775	1645.79
776	1630.57
777	1614.36
778	1598.79
779	1587.04
780	1573.19
781	1558.44
782	1541.96
783	1528.48
784	1516.33
785	1501.77
786	1486.45
787	1473.7
788	1462.37
789	1450.49
790	1438.94
791	1428.23
792	1420.65
793	1413.31
794	1404.77
795	1397.37
796	1392.62
797	1389.4
798	1384.86
799	1381.61
800	1378.7
801	1372.73
802	1367.09
803	1364.02
804	1359.32
805	1354.69
806	1348.04
807	1341.66
808	1332.44
809	1322.16
810	1312.56
811	1301.12
812	1290.6
813	1281.74
814	1269.46
815	1258.42
816	1246.31
817	1235.2
818	1223.21
819	1214.05
820	1203.33
821	1192.25
822	1180.55
823	1172.38
824	1161.89
825	1152.66
826	1141.86
827	1133.07
828	1124.81
829	1114.75
830	1104.73
831	1095.7
832	1086.44
833	1078.67
834	1069.63
835	1060.97
836	1049.97
837	1042.99
838	1034.06
839	1025.59
840	1019.61
841	1012.38
842	1004.27
843	996.82
844	989.82
845	982.35
846	975.41
847	969.04
848	961.54
849	955.5
850	947.87
851	939.23
852	931.83
853	926.14
854	918.14
855	911.14
856	903.4
857	896.59
858	890.46
859	882.73
860	875.46
861	867.21
862	859.65
863	852.39
864	845.1
865	839.94
866	831.78
867	822.86
868	813.74
869	804.06
870	795.66
871	787.84
872	781.51
873	774.53
874	768.14
875	760.62
876	753.97
877	750.34
878	748.02
879	745.33
880	745.14
881	744.16
882	742.99
883	740.56
884	740.22
885	739.34
886	740.37
887	740.56
888	739.94
889	736.93
890	736.35
891	733.69
892	732.91
893	732.61
894	731.78
895	730.21
896	726.52
897	721.44
898	716.98
899	713.22
900	710.15
901	705.9
902	701.74
903	695.04
904	688.21
905	682.28
906	674.89
907	669.04
908	663.91
909	656.37
910	648.86
911	641.58
912	633.72
913	625.99
914	618.83
915	610.17
916	601.42
917	593.56
918	584.97
919	577.2
920	569.62
921	561.83
922	554.02
923	546.34
924	537.86
925	530.15
926	521.96
927	513.84
928	506.33
929	498.91
930	490.96
931	483.7
932	476.65
933	469.75
934	462.19
935	455.85
936	449.71
937	443.56
938	437.87
939	431.65
940	425.2
941	418.51
942	412.43
943	405.46
944	399.46
945	393.26
946	387.95
947	381.94
948	375.11
949	368.85
950	362.09
951	356.7
952	351.33
953	343.96
954	337.31
955	330.56
956	323.54
957	316.54
958	309.44
959	305.01
960	299.26
961	293.28
962	287.71
963	281.69
964	276.7
965	271.9
966	266.93
967	262.15
968	257.85
969	252.87
970	247.67
971	242.57
972	237.22
973	232.61
974	227.77
975	223.85
976	219.55
977	215.26
978	211.61
979	206.27
980	202.1
981	196.51
982	192.73
983	189.38
984	184.42
985	180.08
986	175.02
987	170.37
988	165.66
989	161.22
990	156.92
991	152.5
992	149.15
993	144.84
994	141.8
995	138.67
996	137.01
997	135.72
998	133.97
999	132.65
1000	130.71
